(4928,9265)	1.0
(3790,4928)	1.0
(4928,11135)	1.0
(4928,5421)	1.0
(125,4928)	1.0
(4928,9298)	1.0
(4928,6075)	1.0
(3038,4928)	1.0
(4305,4928)	1.0
(4928,9453)	1.0
(2472,4928)	1.0
(25,4928)	1.0
(2444,4928)	1.0
(4928,9865)	1.0
(4928,5468)	1.0
(3790,9265)	1.0
(9265,11135)	1.0
(5421,9265)	1.0
(125,9265)	1.0
(9265,9298)	1.0
(6075,9265)	1.0
(3038,9265)	1.0
(4305,9265)	1.0
(9265,9453)	1.0
(2472,9265)	1.0
(25,9265)	1.0
(2444,9265)	1.0
(9265,9865)	1.0
(5468,9265)	1.0
(3790,11135)	1.0
(3790,5421)	1.0
(125,3790)	1.0
(3790,9298)	1.0
(3790,6075)	1.0
(3038,3790)	1.0
(3790,4305)	1.0
(3790,9453)	1.0
(2472,3790)	1.0
(25,3790)	1.0
(2444,3790)	1.0
(3790,9865)	1.0
(3790,5468)	1.0
(5421,11135)	1.0
(125,11135)	1.0
(9298,11135)	1.0
(6075,11135)	1.0
(3038,11135)	1.0
(4305,11135)	1.0
(9453,11135)	1.0
(2472,11135)	1.0
(25,11135)	1.0
(2444,11135)	1.0
(9865,11135)	1.0
(5468,11135)	1.0
(125,5421)	1.0
(5421,9298)	1.0
(5421,6075)	1.0
(3038,5421)	1.0
(4305,5421)	1.0
(5421,9453)	1.0
(2472,5421)	1.0
(25,5421)	1.0
(2444,5421)	1.0
(5421,9865)	1.0
(5421,5468)	1.0
(125,9298)	1.0
(125,6075)	1.0
(125,3038)	1.0
(125,4305)	1.0
(125,9453)	1.0
(125,2472)	1.0
(25,125)	1.0
(125,2444)	1.0
(125,9865)	1.0
(125,5468)	1.0
(6075,9298)	1.0
(3038,9298)	1.0
(4305,9298)	1.0
(9298,9453)	1.0
(2472,9298)	1.0
(25,9298)	1.0
(2444,9298)	1.0
(9298,9865)	1.0
(5468,9298)	1.0
(3038,6075)	1.0
(4305,6075)	1.0
(6075,9453)	1.0
(2472,6075)	1.0
(25,6075)	1.0
(2444,6075)	1.0
(6075,9865)	1.0
(5468,6075)	1.0
(3038,4305)	1.0
(3038,9453)	1.0
(2472,3038)	1.0
(25,3038)	1.0
(2444,3038)	1.0
(3038,9865)	1.0
(3038,5468)	1.0
(4305,9453)	1.0
(2472,4305)	1.0
(25,4305)	1.0
(2444,4305)	1.0
(4305,9865)	1.0
(4305,5468)	1.0
(2472,9453)	1.0
(25,9453)	1.0
(2444,9453)	1.0
(9453,9865)	1.0
(5468,9453)	1.0
(25,2472)	1.0
(2444,2472)	1.0
(2472,9865)	1.0
(2472,5468)	1.0
(25,2444)	1.0
(25,9865)	1.0
(25,5468)	1.0
(2444,9865)	1.0
(2444,5468)	1.0
(5468,9865)	1.0
(4925,5465)	1.0
(5465,9295)	1.0
(5465,9862)	1.0
(2441,5465)	1.0
(22,5465)	1.0
(5465,9450)	1.0
(3035,5465)	1.0
(2469,5465)	1.0
(5465,6072)	1.0
(4302,5465)	1.0
(5418,5465)	1.0
(5465,11132)	1.0
(5465,9262)	1.0
(122,5465)	1.0
(3787,5465)	1.0
(38,5465)	1.0
(4925,9295)	1.0
(4925,9862)	1.0
(2441,4925)	1.0
(22,4925)	1.0
(4925,9450)	1.0
(3035,4925)	1.0
(2469,4925)	1.0
(4925,6072)	1.0
(4302,4925)	1.0
(4925,5418)	1.0
(4925,11132)	1.0
(4925,9262)	1.0
(122,4925)	1.0
(3787,4925)	1.0
(38,4925)	1.0
(9295,9862)	1.0
(2441,9295)	1.0
(22,9295)	1.0
(9295,9450)	1.0
(3035,9295)	1.0
(2469,9295)	1.0
(6072,9295)	1.0
(4302,9295)	1.0
(5418,9295)	1.0
(9295,11132)	1.0
(9262,9295)	1.0
(122,9295)	1.0
(3787,9295)	1.0
(38,9295)	1.0
(2441,9862)	1.0
(22,9862)	1.0
(9450,9862)	1.0
(3035,9862)	1.0
(2469,9862)	1.0
(6072,9862)	1.0
(4302,9862)	1.0
(5418,9862)	1.0
(9862,11132)	1.0
(9262,9862)	1.0
(122,9862)	1.0
(3787,9862)	1.0
(38,9862)	1.0
(22,2441)	1.0
(2441,9450)	1.0
(2441,3035)	1.0
(2441,2469)	1.0
(2441,6072)	1.0
(2441,4302)	1.0
(2441,5418)	1.0
(2441,11132)	1.0
(2441,9262)	1.0
(122,2441)	1.0
(2441,3787)	1.0
(38,2441)	1.0
(22,9450)	1.0
(22,3035)	1.0
(22,2469)	1.0
(22,6072)	1.0
(22,4302)	1.0
(22,5418)	1.0
(22,11132)	1.0
(22,9262)	1.0
(22,122)	1.0
(22,3787)	1.0
(22,38)	1.0
(3035,9450)	1.0
(2469,9450)	1.0
(6072,9450)	1.0
(4302,9450)	1.0
(5418,9450)	1.0
(9450,11132)	1.0
(9262,9450)	1.0
(122,9450)	1.0
(3787,9450)	1.0
(38,9450)	1.0
(2469,3035)	1.0
(3035,6072)	1.0
(3035,4302)	1.0
(3035,5418)	1.0
(3035,11132)	1.0
(3035,9262)	1.0
(122,3035)	1.0
(3035,3787)	1.0
(38,3035)	1.0
(2469,6072)	1.0
(2469,4302)	1.0
(2469,5418)	1.0
(2469,11132)	1.0
(2469,9262)	1.0
(122,2469)	1.0
(2469,3787)	1.0
(38,2469)	1.0
(4302,6072)	1.0
(5418,6072)	1.0
(6072,11132)	1.0
(6072,9262)	1.0
(122,6072)	1.0
(3787,6072)	1.0
(38,6072)	1.0
(4302,5418)	1.0
(4302,11132)	1.0
(4302,9262)	1.0
(122,4302)	1.0
(3787,4302)	1.0
(38,4302)	1.0
(5418,11132)	1.0
(5418,9262)	1.0
(122,5418)	1.0
(3787,5418)	1.0
(38,5418)	1.0
(9262,11132)	1.0
(122,11132)	1.0
(3787,11132)	1.0
(38,11132)	1.0
(122,9262)	1.0
(3787,9262)	1.0
(38,9262)	1.0
(122,3787)	1.0
(38,122)	1.0
(38,3787)	1.0
(5474,9304)	1.0
(9306,10205)	1.0
(852,2586)	1.0
(5441,6428)	1.0
(6314,6428)	1.0
(5441,6314)	1.0
(7555,8406)	1.0
(5753,8406)	1.0
(5551,8406)	1.0
(5978,8406)	1.0
(7114,8406)	1.0
(7959,8406)	1.0
(8064,8406)	1.0
(5475,8406)	1.0
(6502,8406)	1.0
(8022,8406)	1.0
(7690,8406)	1.0
(5753,7555)	1.0
(5551,7555)	1.0
(5978,7555)	1.0
(7114,7555)	1.0
(7555,7959)	1.0
(7555,8064)	1.0
(5475,7555)	1.0
(6502,7555)	1.0
(7555,8022)	1.0
(7555,7690)	1.0
(8601,8810)	1.0
(5551,5753)	1.0
(5753,5978)	1.0
(5753,7114)	1.0
(5753,7959)	1.0
(5753,8064)	1.0
(5475,5753)	1.0
(5753,6502)	1.0
(5753,8022)	1.0
(5753,7690)	1.0
(5551,5978)	1.0
(5551,7114)	1.0
(5551,7959)	1.0
(5551,8064)	1.0
(5475,5551)	1.0
(5551,6502)	1.0
(5551,8022)	1.0
(5551,7690)	1.0
(5978,7114)	1.0
(5978,7959)	1.0
(5978,8064)	1.0
(5475,5978)	1.0
(5978,6502)	1.0
(5978,8022)	1.0
(5978,7690)	1.0
(7114,7959)	1.0
(7114,8064)	1.0
(5475,7114)	1.0
(6502,7114)	1.0
(7114,8022)	1.0
(7114,7690)	1.0
(7959,8064)	1.0
(5475,7959)	1.0
(6502,7959)	1.0
(7959,8022)	1.0
(7690,7959)	1.0
(5475,8064)	1.0
(6502,8064)	1.0
(8022,8064)	1.0
(7690,8064)	1.0
(5475,6502)	1.0
(5475,8022)	1.0
(5475,7690)	1.0
(6502,8022)	1.0
(6502,7690)	1.0
(7690,8022)	1.0
(8150,8713)	1.0
(7936,8150)	1.0
(7936,8713)	1.0
(5754,7115)	1.0
(5754,6503)	1.0
(6503,7115)	1.0
(6217,6237)	1.0
(6217,7103)	1.0
(6217,6519)	1.0
(6217,6249)	1.0
(6217,7972)	1.0
(6217,7920)	1.0
(6217,7458)	1.0
(6217,6451)	1.0
(5875,6217)	1.0
(6217,8078)	1.0
(6217,7588)	1.0
(6217,7625)	1.0
(6217,7810)	1.0
(6217,6847)	1.0
(5986,6217)	1.0
(6217,7712)	1.0
(6217,8575)	1.0
(6217,6317)	1.0
(6237,7103)	1.0
(6237,6519)	1.0
(6237,6249)	1.0
(6237,7972)	1.0
(6237,7920)	1.0
(6237,7458)	1.0
(6237,6451)	1.0
(5875,6237)	1.0
(6237,8078)	1.0
(6237,7588)	1.0
(6237,7625)	1.0
(6237,7810)	1.0
(6237,6847)	1.0
(5986,6237)	1.0
(6237,7712)	1.0
(6237,8575)	1.0
(6237,6317)	1.0
(6519,7103)	1.0
(6249,7103)	1.0
(7103,7972)	1.0
(7103,7920)	1.0
(7103,7458)	1.0
(6451,7103)	1.0
(5875,7103)	1.0
(7103,8078)	1.0
(7103,7588)	1.0
(7103,7625)	1.0
(7103,7810)	1.0
(6847,7103)	1.0
(5986,7103)	1.0
(7103,7712)	1.0
(7103,8575)	1.0
(6317,7103)	1.0
(5943,8760)	1.0
(7667,8760)	1.0
(6249,6519)	1.0
(6519,7972)	1.0
(6519,7920)	1.0
(6519,7458)	1.0
(6451,6519)	1.0
(5875,6519)	1.0
(6519,8078)	1.0
(6519,7588)	1.0
(6519,7625)	1.0
(6519,7810)	1.0
(6519,6847)	1.0
(5986,6519)	1.0
(6519,7712)	1.0
(6519,8575)	1.0
(6317,6519)	1.0
(6164,8461)	1.0
(6249,7972)	1.0
(6249,7920)	1.0
(6249,7458)	1.0
(6249,6451)	1.0
(5875,6249)	1.0
(6249,8078)	1.0
(6249,7588)	1.0
(6249,7625)	1.0
(6249,7810)	1.0
(6249,6847)	1.0
(5986,6249)	1.0
(6249,7712)	1.0
(6249,8575)	1.0
(6249,6317)	1.0
(5716,8466)	1.0
(7920,7972)	1.0
(7458,7972)	1.0
(6451,7972)	1.0
(5875,7972)	1.0
(7972,8078)	1.0
(7588,7972)	1.0
(7625,7972)	1.0
(7810,7972)	1.0
(6847,7972)	1.0
(5986,7972)	1.0
(7712,7972)	1.0
(7972,8575)	1.0
(6317,7972)	1.0
(7458,7920)	1.0
(6451,7920)	1.0
(5875,7920)	1.0
(7920,8078)	1.0
(7588,7920)	1.0
(7625,7920)	1.0
(7810,7920)	1.0
(6847,7920)	1.0
(5986,7920)	1.0
(7712,7920)	1.0
(7920,8575)	1.0
(6317,7920)	1.0
(6451,7458)	1.0
(5875,7458)	1.0
(7458,8078)	1.0
(7458,7588)	1.0
(7458,7625)	1.0
(7458,7810)	1.0
(6847,7458)	1.0
(5986,7458)	1.0
(7458,7712)	1.0
(7458,8575)	1.0
(6317,7458)	1.0
(5875,6451)	1.0
(6451,8078)	1.0
(6451,7588)	1.0
(6451,7625)	1.0
(6451,7810)	1.0
(6451,6847)	1.0
(5986,6451)	1.0
(6451,7712)	1.0
(6451,8575)	1.0
(6317,6451)	1.0
(5875,8078)	1.0
(5875,7588)	1.0
(5875,7625)	1.0
(5875,7810)	1.0
(5875,6847)	1.0
(5875,5986)	1.0
(5875,7712)	1.0
(5875,8575)	1.0
(5875,6317)	1.0
(7588,8078)	1.0
(7625,8078)	1.0
(7810,8078)	1.0
(6847,8078)	1.0
(5986,8078)	1.0
(7712,8078)	1.0
(8078,8575)	1.0
(6317,8078)	1.0
(7588,7625)	1.0
(7588,7810)	1.0
(6847,7588)	1.0
(5986,7588)	1.0
(7588,7712)	1.0
(7588,8575)	1.0
(6317,7588)	1.0
(7625,7810)	1.0
(6847,7625)	1.0
(5986,7625)	1.0
(7625,7712)	1.0
(7625,8575)	1.0
(6317,7625)	1.0
(5943,7667)	1.0
(6847,7810)	1.0
(5986,7810)	1.0
(7712,7810)	1.0
(7810,8575)	1.0
(6317,7810)	1.0
(5986,6847)	1.0
(6847,7712)	1.0
(6847,8575)	1.0
(6317,6847)	1.0
(5986,7712)	1.0
(5986,8575)	1.0
(5986,6317)	1.0
(7712,8575)	1.0
(6317,7712)	1.0
(6317,8575)	1.0
(9870,10048)	1.0
(8067,8069)	0.8
(6246,6253)	1.0
(7185,7230)	1.0
(2442,9863)	1.0
(3788,9863)	1.0
(9451,9863)	1.0
(123,9863)	1.0
(3036,9863)	1.0
(23,9863)	1.0
(4303,9863)	1.0
(2470,9863)	1.0
(9296,9863)	1.0
(5419,9863)	1.0
(9863,11133)	1.0
(5466,9863)	1.0
(6073,9863)	1.0
(4926,9863)	1.0
(9263,9863)	1.0
(2442,3788)	1.0
(2442,9451)	1.0
(123,2442)	1.0
(2442,3036)	1.0
(23,2442)	1.0
(2442,4303)	1.0
(2442,2470)	1.0
(2442,9296)	1.0
(2442,5419)	1.0
(2442,11133)	1.0
(2442,5466)	1.0
(2442,6073)	1.0
(2442,4926)	1.0
(2442,9263)	1.0
(3788,9451)	1.0
(123,3788)	1.0
(3036,3788)	1.0
(23,3788)	1.0
(3788,4303)	1.0
(2470,3788)	1.0
(3788,9296)	1.0
(3788,5419)	1.0
(3788,11133)	1.0
(3788,5466)	1.0
(3788,6073)	1.0
(3788,4926)	1.0
(3788,9263)	1.0
(123,9451)	1.0
(3036,9451)	1.0
(23,9451)	1.0
(4303,9451)	1.0
(2470,9451)	1.0
(9296,9451)	1.0
(5419,9451)	1.0
(9451,11133)	1.0
(5466,9451)	1.0
(6073,9451)	1.0
(4926,9451)	1.0
(9263,9451)	1.0
(123,3036)	1.0
(23,123)	1.0
(123,4303)	1.0
(123,2470)	1.0
(123,9296)	1.0
(123,5419)	1.0
(123,11133)	1.0
(123,5466)	1.0
(123,6073)	1.0
(123,4926)	1.0
(123,9263)	1.0
(23,3036)	1.0
(3036,4303)	1.0
(2470,3036)	1.0
(3036,9296)	1.0
(3036,5419)	1.0
(3036,11133)	1.0
(3036,5466)	1.0
(3036,6073)	1.0
(3036,4926)	1.0
(3036,9263)	1.0
(23,4303)	1.0
(23,2470)	1.0
(23,9296)	1.0
(23,5419)	1.0
(23,11133)	1.0
(23,5466)	1.0
(23,6073)	1.0
(23,4926)	1.0
(23,9263)	1.0
(2470,4303)	1.0
(4303,9296)	1.0
(4303,5419)	1.0
(4303,11133)	1.0
(4303,5466)	1.0
(4303,6073)	1.0
(4303,4926)	1.0
(4303,9263)	1.0
(2470,9296)	1.0
(2470,5419)	1.0
(2470,11133)	1.0
(2470,5466)	1.0
(2470,6073)	1.0
(2470,4926)	1.0
(2470,9263)	1.0
(5419,9296)	1.0
(9296,11133)	1.0
(5466,9296)	1.0
(6073,9296)	1.0
(4926,9296)	1.0
(9263,9296)	1.0
(5419,11133)	1.0
(5419,5466)	1.0
(5419,6073)	1.0
(4926,5419)	1.0
(5419,9263)	1.0
(5466,11133)	1.0
(6073,11133)	1.0
(4926,11133)	1.0
(9263,11133)	1.0
(5466,6073)	1.0
(4926,5466)	1.0
(5466,9263)	1.0
(4926,6073)	1.0
(6073,9263)	1.0
(4926,9263)	1.0
(4456,4461)	1.0
(3765,3773)	1.0
(3765,3974)	1.0
(3765,3850)	1.0
(3760,3765)	1.0
(3765,4591)	1.0
(3733,3765)	1.0
(3106,3765)	1.0
(3765,5268)	1.0
(3765,5291)	1.0
(3765,4422)	1.0
(3765,4418)	1.0
(3765,3967)	1.0
(3765,3768)	1.0
(3773,3974)	1.0
(3773,3850)	1.0
(3760,3773)	1.0
(3773,4591)	1.0
(3733,3773)	1.0
(3106,3773)	1.0
(3773,5268)	1.0
(3773,5291)	1.0
(3773,4422)	1.0
(3773,4418)	1.0
(3773,3967)	1.0
(3768,3773)	1.0
(3850,3974)	1.0
(3760,3974)	1.0
(3974,4591)	1.0
(3733,3974)	1.0
(3106,3974)	1.0
(3974,5268)	1.0
(3974,5291)	1.0
(3974,4422)	1.0
(3974,4418)	1.0
(3967,3974)	1.0
(3768,3974)	1.0
(3595,5070)	1.0
(3595,4567)	1.0
(3760,3850)	1.0
(3850,4591)	1.0
(3733,3850)	1.0
(3106,3850)	1.0
(3850,5268)	1.0
(3850,5291)	1.0
(3850,4422)	1.0
(3850,4418)	1.0
(3850,3967)	1.0
(3768,3850)	1.0
(3760,4591)	1.0
(3733,3760)	1.0
(3106,3760)	1.0
(3760,5268)	1.0
(3760,5291)	1.0
(3760,4422)	1.0
(3760,4418)	1.0
(3760,3967)	1.0
(3760,3768)	1.0
(4567,5070)	1.0
(3733,4591)	1.0
(3106,4591)	1.0
(4591,5268)	1.0
(4591,5291)	1.0
(4422,4591)	1.0
(4418,4591)	1.0
(3967,4591)	1.0
(3768,4591)	1.0
(3106,3733)	1.0
(3733,5268)	1.0
(3733,5291)	1.0
(3733,4422)	1.0
(3733,4418)	1.0
(3733,3967)	1.0
(3733,3768)	1.0
(3106,5268)	1.0
(3106,5291)	1.0
(3106,4422)	1.0
(3106,4418)	1.0
(3106,3967)	1.0
(3106,3768)	1.0
(5268,5291)	1.0
(4422,5268)	1.0
(4418,5268)	1.0
(3967,5268)	1.0
(3768,5268)	1.0
(4422,5291)	1.0
(4418,5291)	1.0
(3967,5291)	1.0
(3768,5291)	1.0
(4418,4422)	1.0
(3967,4422)	1.0
(3768,4422)	1.0
(3967,4418)	1.0
(3768,4418)	1.0
(3768,3967)	1.0
(5013,7442)	1.0
(6927,7068)	1.0
(6927,8879)	1.0
(6684,6927)	1.0
(6927,8138)	1.0
(7068,8879)	1.0
(6684,7068)	1.0
(7068,8138)	1.0
(6684,8879)	1.0
(8138,8879)	1.0
(6684,8138)	1.0
(8325,8339)	1.0
(4702,4724)	1.0
(9721,10928)	1.0
(10928,11347)	1.0
(9459,10928)	1.0
(9721,11347)	1.0
(9459,9721)	1.0
(9459,11347)	1.0
(6724,9889)	1.0
(5628,7175)	1.0
(7175,8688)	1.0
(5981,7175)	1.0
(7175,9054)	1.0
(7175,7591)	1.0
(5628,8688)	1.0
(5628,5981)	1.0
(5628,9054)	1.0
(5628,7591)	1.0
(5981,8688)	1.0
(8688,9054)	1.0
(7591,8688)	1.0
(5987,9095)	1.0
(6649,9095)	1.0
(5980,6002)	1.0
(5981,9054)	1.0
(5981,7591)	1.0
(5987,6649)	1.0
(7691,7960)	0.8333333333333334
(7960,8065)	0.8333333333333334
(7591,9054)	1.0
(3263,3408)	1.0
(6548,8606)	1.0
(6548,7886)	1.0
(6548,7838)	1.0
(6548,7763)	1.0
(6548,7387)	1.0
(5627,6548)	1.0
(6548,7130)	1.0
(6548,7118)	1.0
(5755,6548)	1.0
(5763,6548)	1.0
(6548,6561)	1.0
(8972,9032)	1.0
(7748,9032)	1.0
(7748,8972)	1.0
(7919,8827)	1.0
(5787,8827)	1.0
(7782,8825)	1.0
(7886,8606)	1.0
(7838,8606)	1.0
(7763,8606)	1.0
(7387,8606)	1.0
(5627,8606)	1.0
(7130,8606)	1.0
(7118,8606)	1.0
(5755,8606)	1.0
(5763,8606)	1.0
(6561,8606)	1.0
(5622,8382)	1.0
(5787,7919)	1.0
(7838,7886)	1.0
(7763,7886)	1.0
(7387,7886)	1.0
(5627,7886)	1.0
(7130,7886)	1.0
(7118,7886)	1.0
(5755,7886)	1.0
(5763,7886)	1.0
(6561,7886)	1.0
(7763,7838)	1.0
(7387,7838)	1.0
(5627,7838)	1.0
(7130,7838)	1.0
(7118,7838)	1.0
(5755,7838)	1.0
(5763,7838)	1.0
(6561,7838)	1.0
(7615,7831)	1.0
(7387,7763)	1.0
(5627,7763)	1.0
(7130,7763)	1.0
(7118,7763)	1.0
(5755,7763)	1.0
(5763,7763)	1.0
(6561,7763)	1.0
(7624,7633)	1.0
(5627,7387)	1.0
(7130,7387)	1.0
(7118,7387)	1.0
(5755,7387)	1.0
(5763,7387)	1.0
(6561,7387)	1.0
(5627,7130)	1.0
(5627,7118)	1.0
(5627,5755)	1.0
(5627,5763)	1.0
(5627,6561)	1.0
(7118,7130)	1.0
(5755,7130)	1.0
(5763,7130)	1.0
(6561,7130)	1.0
(5755,7118)	1.0
(5763,7118)	1.0
(6561,7118)	1.0
(5755,5763)	1.0
(5755,6561)	1.0
(5763,6561)	1.0
(2716,11352)	1.0
(2716,10945)	1.0
(2716,10967)	1.0
(10945,11352)	1.0
(10967,11352)	1.0
(10945,10967)	1.0
(5470,11137)	1.0
(3040,5470)	1.0
(3792,5470)	1.0
(5423,5470)	1.0
(2446,5470)	1.0
(5470,9267)	1.0
(127,5470)	1.0
(4930,5470)	1.0
(5470,9867)	1.0
(27,5470)	1.0
(2474,5470)	1.0
(5470,6077)	1.0
(4307,5470)	1.0
(5470,9455)	1.0
(5470,9300)	1.0
(3040,11137)	1.0
(3792,11137)	1.0
(5423,11137)	1.0
(2446,11137)	1.0
(9267,11137)	1.0
(127,11137)	1.0
(4930,11137)	1.0
(9867,11137)	1.0
(27,11137)	1.0
(2474,11137)	1.0
(6077,11137)	1.0
(4307,11137)	1.0
(9455,11137)	1.0
(9300,11137)	1.0
(3040,3792)	1.0
(3040,5423)	1.0
(2446,3040)	1.0
(3040,9267)	1.0
(127,3040)	1.0
(3040,4930)	1.0
(3040,9867)	1.0
(27,3040)	1.0
(2474,3040)	1.0
(3040,6077)	1.0
(3040,4307)	1.0
(3040,9455)	1.0
(3040,9300)	1.0
(3792,5423)	1.0
(2446,3792)	1.0
(3792,9267)	1.0
(127,3792)	1.0
(3792,4930)	1.0
(3792,9867)	1.0
(27,3792)	1.0
(2474,3792)	1.0
(3792,6077)	1.0
(3792,4307)	1.0
(3792,9455)	1.0
(3792,9300)	1.0
(2446,5423)	1.0
(5423,9267)	1.0
(127,5423)	1.0
(4930,5423)	1.0
(5423,9867)	1.0
(27,5423)	1.0
(2474,5423)	1.0
(5423,6077)	1.0
(4307,5423)	1.0
(5423,9455)	1.0
(5423,9300)	1.0
(2446,9267)	1.0
(127,2446)	1.0
(2446,4930)	1.0
(2446,9867)	1.0
(27,2446)	1.0
(2446,2474)	1.0
(2446,6077)	1.0
(2446,4307)	1.0
(2446,9455)	1.0
(2446,9300)	1.0
(127,9267)	1.0
(4930,9267)	1.0
(9267,9867)	1.0
(27,9267)	1.0
(2474,9267)	1.0
(6077,9267)	1.0
(4307,9267)	1.0
(9267,9455)	1.0
(9267,9300)	1.0
(127,4930)	1.0
(127,9867)	1.0
(27,127)	1.0
(127,2474)	1.0
(127,6077)	1.0
(127,4307)	1.0
(127,9455)	1.0
(127,9300)	1.0
(4930,9867)	1.0
(27,4930)	1.0
(2474,4930)	1.0
(4930,6077)	1.0
(4307,4930)	1.0
(4930,9455)	1.0
(4930,9300)	1.0
(27,9867)	1.0
(2474,9867)	1.0
(6077,9867)	1.0
(4307,9867)	1.0
(9455,9867)	1.0
(9300,9867)	1.0
(27,2474)	1.0
(27,6077)	1.0
(27,4307)	1.0
(27,9455)	1.0
(27,9300)	1.0
(2474,6077)	1.0
(2474,4307)	1.0
(2474,9455)	1.0
(2474,9300)	1.0
(4307,6077)	1.0
(6077,9455)	1.0
(6077,9300)	1.0
(4307,9455)	1.0
(4307,9300)	1.0
(9300,9455)	1.0
(5417,11131)	1.0
(2440,11131)	1.0
(5464,11131)	1.0
(21,11131)	1.0
(4301,11131)	1.0
(2468,11131)	1.0
(6071,11131)	1.0
(9449,11131)	1.0
(9294,11131)	1.0
(4924,11131)	1.0
(37,11131)	1.0
(121,11131)	1.0
(9261,11131)	1.0
(3786,11131)	1.0
(3034,11131)	1.0
(9861,11131)	1.0
(2440,5417)	1.0
(5417,5464)	1.0
(21,5417)	1.0
(4301,5417)	1.0
(2468,5417)	1.0
(5417,6071)	1.0
(5417,9449)	1.0
(5417,9294)	1.0
(4924,5417)	1.0
(37,5417)	1.0
(121,5417)	1.0
(5417,9261)	1.0
(3786,5417)	1.0
(3034,5417)	1.0
(5417,9861)	1.0
(2440,5464)	1.0
(21,2440)	1.0
(2440,4301)	1.0
(2440,2468)	1.0
(2440,6071)	1.0
(2440,9449)	1.0
(2440,9294)	1.0
(2440,4924)	1.0
(37,2440)	1.0
(121,2440)	1.0
(2440,9261)	1.0
(2440,3786)	1.0
(2440,3034)	1.0
(2440,9861)	1.0
(21,5464)	1.0
(4301,5464)	1.0
(2468,5464)	1.0
(5464,6071)	1.0
(5464,9449)	1.0
(5464,9294)	1.0
(4924,5464)	1.0
(37,5464)	1.0
(121,5464)	1.0
(5464,9261)	1.0
(3786,5464)	1.0
(3034,5464)	1.0
(5464,9861)	1.0
(21,4301)	1.0
(21,2468)	1.0
(21,6071)	1.0
(21,9449)	1.0
(21,9294)	1.0
(21,4924)	1.0
(21,37)	1.0
(21,121)	1.0
(21,9261)	1.0
(21,3786)	1.0
(21,3034)	1.0
(21,9861)	1.0
(2468,4301)	1.0
(4301,6071)	1.0
(4301,9449)	1.0
(4301,9294)	1.0
(4301,4924)	1.0
(37,4301)	1.0
(121,4301)	1.0
(4301,9261)	1.0
(3786,4301)	1.0
(3034,4301)	1.0
(4301,9861)	1.0
(2468,6071)	1.0
(2468,9449)	1.0
(2468,9294)	1.0
(2468,4924)	1.0
(37,2468)	1.0
(121,2468)	1.0
(2468,9261)	1.0
(2468,3786)	1.0
(2468,3034)	1.0
(2468,9861)	1.0
(6071,9449)	1.0
(6071,9294)	1.0
(4924,6071)	1.0
(37,6071)	1.0
(121,6071)	1.0
(6071,9261)	1.0
(3786,6071)	1.0
(3034,6071)	1.0
(6071,9861)	1.0
(9294,9449)	1.0
(4924,9449)	1.0
(37,9449)	1.0
(121,9449)	1.0
(9261,9449)	1.0
(3786,9449)	1.0
(3034,9449)	1.0
(9449,9861)	1.0
(4924,9294)	1.0
(37,9294)	1.0
(121,9294)	1.0
(9261,9294)	1.0
(3786,9294)	1.0
(3034,9294)	1.0
(9294,9861)	1.0
(37,4924)	1.0
(121,4924)	1.0
(4924,9261)	1.0
(3786,4924)	1.0
(3034,4924)	1.0
(4924,9861)	1.0
(37,121)	1.0
(37,9261)	1.0
(37,3786)	1.0
(37,3034)	1.0
(37,9861)	1.0
(121,9261)	1.0
(121,3786)	1.0
(121,3034)	1.0
(121,9861)	1.0
(3786,9261)	1.0
(3034,9261)	1.0
(9261,9861)	1.0
(3034,3786)	1.0
(3786,9861)	1.0
(3034,9861)	1.0
(4531,10811)	1.0
(2954,2956)	1.0
(3274,3827)	1.0
(2795,2864)	1.0
(2864,3842)	1.0
(2795,3842)	1.0
(9389,9756)	1.0
(6953,6954)	1.0
(4413,8612)	1.0
(3250,7301)	1.0
(9282,9379)	1.0
(4794,4934)	0.8
(4115,5293)	1.0
(4115,4419)	1.0
(5304,5334)	1.0
(4419,5293)	1.0
(4407,5245)	1.0
(4454,5245)	1.0
(4407,4454)	1.0
(3720,4988)	1.0
(5442,8800)	1.0
(8930,9058)	1.0
(8930,9066)	1.0
(9055,9211)	1.0
(9058,9066)	1.0
(3446,7988)	1.0
(2451,5428)	1.0
(8627,8654)	1.0
(0,13)	0.875
(2439,9260)	1.0
(5416,9260)	1.0
(4484,9260)	1.0
(2439,5416)	1.0
(2439,4484)	1.0
(4484,5416)	1.0
(10155,10185)	1.0
(6418,7963)	1.0
(6746,7963)	1.0
(6750,7963)	1.0
(6756,7963)	1.0
(7963,8152)	1.0
(7234,7963)	1.0
(6158,7963)	1.0
(7380,7963)	1.0
(5713,7963)	1.0
(6418,6746)	1.0
(6418,6750)	1.0
(6418,6756)	1.0
(6418,8152)	1.0
(6418,7234)	1.0
(6158,6418)	1.0
(6418,7380)	1.0
(5713,6418)	1.0
(6746,6750)	1.0
(6746,6756)	1.0
(6746,8152)	1.0
(6746,7234)	1.0
(6158,6746)	1.0
(6746,7380)	1.0
(5713,6746)	1.0
(6750,6756)	1.0
(6750,8152)	1.0
(6750,7234)	1.0
(6158,6750)	1.0
(6750,7380)	1.0
(5713,6750)	1.0
(6756,8152)	1.0
(6756,7234)	1.0
(6158,6756)	1.0
(6756,7380)	1.0
(5713,6756)	1.0
(7234,8152)	1.0
(6158,8152)	1.0
(7380,8152)	1.0
(5713,8152)	1.0
(6158,7234)	1.0
(7234,7380)	1.0
(5713,7234)	1.0
(6158,7380)	1.0
(5713,6158)	1.0
(5713,7380)	1.0
(5407,5408)	1.0
(8509,8536)	1.0
(5435,8381)	1.0
(7589,8381)	1.0
(7593,8381)	1.0
(8381,8516)	1.0
(5435,7589)	1.0
(5435,7593)	1.0
(5435,8516)	1.0
(7589,7593)	1.0
(7589,8516)	1.0
(7593,8516)	1.0
(7651,7706)	1.0
(4300,4923)	1.0
(4923,10835)	1.0
(4923,5879)	1.0
(4402,4923)	1.0
(4923,7025)	1.0
(4923,8420)	1.0
(4300,10835)	1.0
(4300,5879)	1.0
(4300,4402)	1.0
(4300,7025)	1.0
(4300,8420)	1.0
(5879,10835)	1.0
(4402,10835)	1.0
(7025,10835)	1.0
(8420,10835)	1.0
(4402,5879)	1.0
(5879,7025)	1.0
(5879,8420)	1.0
(4402,7025)	1.0
(4402,8420)	1.0
(7025,8420)	1.0
(4791,4885)	1.0
(4791,5006)	1.0
(4482,4791)	1.0
(4791,10362)	1.0
(3594,4791)	1.0
(2863,4791)	1.0
(2676,4791)	1.0
(4791,9439)	1.0
(4885,5006)	1.0
(4482,4885)	1.0
(4885,10362)	1.0
(3594,4885)	1.0
(2863,4885)	1.0
(2676,4885)	1.0
(4885,9439)	1.0
(4482,5006)	1.0
(5006,10362)	1.0
(3594,5006)	1.0
(2863,5006)	1.0
(2676,5006)	1.0
(5006,9439)	1.0
(4482,10362)	1.0
(3594,4482)	1.0
(2863,4482)	1.0
(2676,4482)	1.0
(4482,9439)	1.0
(3594,10362)	1.0
(2863,10362)	1.0
(2676,10362)	1.0
(9439,10362)	1.0
(2863,3594)	1.0
(2676,3594)	1.0
(3594,9439)	1.0
(2676,2863)	1.0
(2863,9439)	1.0
(2676,9439)	1.0
(5076,7109)	1.0
(9396,10957)	1.0
(9492,10695)	1.0
(10131,10397)	1.0
(5339,8796)	1.0
(6911,8796)	1.0
(5339,6911)	1.0
(4245,4404)	1.0
(3795,3961)	1.0
(10837,11346)	1.0
(10927,11346)	1.0
(10454,11346)	1.0
(10221,11346)	1.0
(11324,11346)	1.0
(10729,11346)	1.0
(11140,11346)	1.0
(10204,11346)	1.0
(10837,10927)	1.0
(10454,10837)	1.0
(10221,10837)	1.0
(10837,11324)	1.0
(10729,10837)	1.0
(10837,11140)	1.0
(10204,10837)	1.0
(10454,10927)	1.0
(10221,10927)	1.0
(10927,11324)	1.0
(10729,10927)	1.0
(10927,11140)	1.0
(10204,10927)	1.0
(10221,10454)	1.0
(10454,11324)	1.0
(10454,10729)	1.0
(10454,11140)	1.0
(10204,10454)	1.0
(10147,10985)	1.0
(10221,11324)	1.0
(10221,10729)	1.0
(10221,11140)	1.0
(10204,10221)	1.0
(10729,11324)	1.0
(11140,11324)	1.0
(10204,11324)	1.0
(10729,11140)	1.0
(10204,10729)	1.0
(10204,11140)	1.0
(3647,9367)	1.0
(2452,4769)	1.0
(9595,9638)	1.0
(9947,10434)	0.8
(9751,9947)	1.0
(9751,10434)	0.8
(5712,5714)	1.0
(4941,5182)	1.0
(3870,4977)	1.0
(4954,4977)	1.0
(4959,4977)	1.0
(4945,4977)	1.0
(3870,4954)	1.0
(3870,4959)	1.0
(3870,4945)	1.0
(4954,4959)	1.0
(4945,4954)	1.0
(4945,4959)	1.0
(4453,8106)	1.0
(4453,5342)	1.0
(5342,8106)	1.0
(7125,8140)	1.0
(5694,8140)	1.0
(5694,7125)	1.0
(8558,8897)	1.0
(8053,8056)	1.0
(2900,3010)	1.0
(2920,2953)	1.0
(2889,3737)	1.0
(4060,4072)	1.0
(4060,4123)	1.0
(3761,4060)	1.0
(3758,4060)	1.0
(4060,4119)	1.0
(4060,4960)	1.0
(2582,4060)	1.0
(2918,4060)	1.0
(4072,4123)	1.0
(3761,4072)	1.0
(3758,4072)	1.0
(4072,4119)	1.0
(4072,4960)	1.0
(2582,4072)	1.0
(2918,4072)	1.0
(3761,4123)	1.0
(3758,4123)	1.0
(4119,4123)	1.0
(4123,4960)	1.0
(2582,4123)	1.0
(2918,4123)	1.0
(3758,3761)	1.0
(3761,4119)	1.0
(3761,4960)	1.0
(2582,3761)	1.0
(2918,3761)	1.0
(3758,4119)	1.0
(3758,4960)	1.0
(2582,3758)	1.0
(2918,3758)	1.0
(4119,4960)	1.0
(2582,4119)	1.0
(2918,4119)	1.0
(3900,3929)	0.8
(2582,4960)	1.0
(2918,4960)	1.0
(2582,2918)	1.0
(4516,5526)	1.0
(6612,10184)	1.0
(6612,7120)	1.0
(6612,10154)	1.0
(7120,10184)	1.0
(10154,10184)	1.0
(7120,10154)	1.0
(4721,10865)	1.0
(4039,4712)	1.0
(5550,11323)	1.0
(5550,6144)	1.0
(5550,9945)	1.0
(5550,10453)	1.0
(5550,9457)	1.0
(5550,7958)	1.0
(5550,8809)	1.0
(6144,11323)	1.0
(9945,11323)	1.0
(10453,11323)	1.0
(9457,11323)	1.0
(7958,11323)	1.0
(8809,11323)	1.0
(6144,9945)	1.0
(6144,10453)	1.0
(6144,9457)	1.0
(6144,7958)	1.0
(6144,8809)	1.0
(9945,10453)	1.0
(9457,9945)	1.0
(7958,9945)	1.0
(8809,9945)	1.0
(6079,9869)	1.0
(9457,10453)	1.0
(7958,10453)	1.0
(8809,10453)	1.0
(7958,9457)	1.0
(8809,9457)	1.0
(7958,8809)	1.0
(9719,9969)	1.0
(6432,9719)	1.0
(8021,9719)	1.0
(7113,9719)	1.0
(9719,11345)	1.0
(5752,9719)	1.0
(9719,10836)	1.0
(6432,9969)	1.0
(8021,9969)	1.0
(7113,9969)	1.0
(9969,11345)	1.0
(5752,9969)	1.0
(9969,10836)	1.0
(6432,8021)	1.0
(6432,7113)	1.0
(6432,11345)	1.0
(5752,6432)	1.0
(6432,10836)	1.0
(7113,8021)	1.0
(8021,11345)	1.0
(5752,8021)	1.0
(8021,10836)	1.0
(7113,11345)	1.0
(5752,7113)	1.0
(7113,10836)	1.0
(6979,10432)	1.0
(5752,11345)	1.0
(10836,11345)	1.0
(5752,10836)	1.0
(4399,7281)	1.0
(5979,8811)	1.0
(8407,8811)	1.0
(5979,8407)	1.0
(5462,8603)	1.0
(6484,7184)	1.0
(7184,8063)	1.0
(7184,10926)	1.0
(7184,10047)	1.0
(5880,7184)	1.0
(6484,8063)	1.0
(6484,10926)	1.0
(6484,10047)	1.0
(5880,6484)	1.0
(8063,10926)	1.0
(8063,10047)	1.0
(5880,8063)	1.0
(10047,10926)	1.0
(5880,10926)	1.0
(5880,10047)	1.0
(7935,11139)	1.0
(7491,8276)	1.0
(9275,9279)	1.0
(3109,4999)	1.0
(3139,4862)	1.0
(3139,5047)	1.0
(4862,5047)	1.0
(2717,3334)	1.0
(5893,6495)	1.0
(10080,10083)	1.0
(10080,10086)	1.0
(10083,10086)	1.0
(1088,10988)	1.0
(5420,9264)	1.0
(9264,9297)	1.0
(5467,9264)	1.0
(24,9264)	1.0
(3037,9264)	1.0
(9264,9452)	1.0
(2471,9264)	1.0
(2443,9264)	1.0
(9264,9864)	1.0
(6074,9264)	1.0
(3789,9264)	1.0
(4927,9264)	1.0
(4304,9264)	1.0
(9264,11134)	1.0
(124,9264)	1.0
(5420,9297)	1.0
(5420,5467)	1.0
(24,5420)	1.0
(3037,5420)	1.0
(5420,9452)	1.0
(2471,5420)	1.0
(2443,5420)	1.0
(5420,9864)	1.0
(5420,6074)	1.0
(3789,5420)	1.0
(4927,5420)	1.0
(4304,5420)	1.0
(5420,11134)	1.0
(124,5420)	1.0
(5467,9297)	1.0
(24,9297)	1.0
(3037,9297)	1.0
(9297,9452)	1.0
(2471,9297)	1.0
(2443,9297)	1.0
(9297,9864)	1.0
(6074,9297)	1.0
(3789,9297)	1.0
(4927,9297)	1.0
(4304,9297)	1.0
(9297,11134)	1.0
(124,9297)	1.0
(24,5467)	1.0
(3037,5467)	1.0
(5467,9452)	1.0
(2471,5467)	1.0
(2443,5467)	1.0
(5467,9864)	1.0
(5467,6074)	1.0
(3789,5467)	1.0
(4927,5467)	1.0
(4304,5467)	1.0
(5467,11134)	1.0
(124,5467)	1.0
(24,3037)	1.0
(24,9452)	1.0
(24,2471)	1.0
(24,2443)	1.0
(24,9864)	1.0
(24,6074)	1.0
(24,3789)	1.0
(24,4927)	1.0
(24,4304)	1.0
(24,11134)	1.0
(24,124)	1.0
(3037,9452)	1.0
(2471,3037)	1.0
(2443,3037)	1.0
(3037,9864)	1.0
(3037,6074)	1.0
(3037,3789)	1.0
(3037,4927)	1.0
(3037,4304)	1.0
(3037,11134)	1.0
(124,3037)	1.0
(2471,9452)	1.0
(2443,9452)	1.0
(9452,9864)	1.0
(6074,9452)	1.0
(3789,9452)	1.0
(4927,9452)	1.0
(4304,9452)	1.0
(9452,11134)	1.0
(124,9452)	1.0
(2443,2471)	1.0
(2471,9864)	1.0
(2471,6074)	1.0
(2471,3789)	1.0
(2471,4927)	1.0
(2471,4304)	1.0
(2471,11134)	1.0
(124,2471)	1.0
(2443,9864)	1.0
(2443,6074)	1.0
(2443,3789)	1.0
(2443,4927)	1.0
(2443,4304)	1.0
(2443,11134)	1.0
(124,2443)	1.0
(6074,9864)	1.0
(3789,9864)	1.0
(4927,9864)	1.0
(4304,9864)	1.0
(9864,11134)	1.0
(124,9864)	1.0
(3789,6074)	1.0
(4927,6074)	1.0
(4304,6074)	1.0
(6074,11134)	1.0
(124,6074)	1.0
(3789,4927)	1.0
(3789,4304)	1.0
(3789,11134)	1.0
(124,3789)	1.0
(4304,4927)	1.0
(4927,11134)	1.0
(124,4927)	1.0
(4304,11134)	1.0
(124,4304)	1.0
(124,11134)	1.0
(3886,3893)	1.0
(7259,7937)	0.8
(6167,7937)	0.8
(6167,7259)	1.0
(5357,5358)	1.0
(6618,6630)	1.0
(6618,6788)	1.0
(6596,6621)	1.0
(6630,6788)	1.0
(2839,8049)	1.0
(8049,10301)	1.0
(2839,10301)	1.0
(2475,4308)	1.0
(3041,4308)	1.0
(2447,4308)	1.0
(28,4308)	1.0
(4308,9868)	1.0
(4308,5424)	1.0
(4308,6078)	1.0
(4308,5471)	1.0
(4308,9268)	1.0
(3793,4308)	1.0
(4308,9456)	1.0
(4308,9301)	1.0
(4308,4931)	1.0
(4308,11138)	1.0
(128,4308)	1.0
(2475,3041)	1.0
(2447,2475)	1.0
(28,2475)	1.0
(2475,9868)	1.0
(2475,5424)	1.0
(2475,6078)	1.0
(2475,5471)	1.0
(2475,9268)	1.0
(2475,3793)	1.0
(2475,9456)	1.0
(2475,9301)	1.0
(2475,4931)	1.0
(2475,11138)	1.0
(128,2475)	1.0
(2447,3041)	1.0
(28,3041)	1.0
(3041,9868)	1.0
(3041,5424)	1.0
(3041,6078)	1.0
(3041,5471)	1.0
(3041,9268)	1.0
(3041,3793)	1.0
(3041,9456)	1.0
(3041,9301)	1.0
(3041,4931)	1.0
(3041,11138)	1.0
(128,3041)	1.0
(28,2447)	1.0
(2447,9868)	1.0
(2447,5424)	1.0
(2447,6078)	1.0
(2447,5471)	1.0
(2447,9268)	1.0
(2447,3793)	1.0
(2447,9456)	1.0
(2447,9301)	1.0
(2447,4931)	1.0
(2447,11138)	1.0
(128,2447)	1.0
(28,9868)	1.0
(28,5424)	1.0
(28,6078)	1.0
(28,5471)	1.0
(28,9268)	1.0
(28,3793)	1.0
(28,9456)	1.0
(28,9301)	1.0
(28,4931)	1.0
(28,11138)	1.0
(28,128)	1.0
(5424,9868)	1.0
(6078,9868)	1.0
(5471,9868)	1.0
(9268,9868)	1.0
(3793,9868)	1.0
(9456,9868)	1.0
(9301,9868)	1.0
(4931,9868)	1.0
(9868,11138)	1.0
(128,9868)	1.0
(5424,6078)	1.0
(5424,5471)	1.0
(5424,9268)	1.0
(3793,5424)	1.0
(5424,9456)	1.0
(5424,9301)	1.0
(4931,5424)	1.0
(5424,11138)	1.0
(128,5424)	1.0
(5471,6078)	1.0
(6078,9268)	1.0
(3793,6078)	1.0
(6078,9456)	1.0
(6078,9301)	1.0
(4931,6078)	1.0
(6078,11138)	1.0
(128,6078)	1.0
(5471,9268)	1.0
(3793,5471)	1.0
(5471,9456)	1.0
(5471,9301)	1.0
(4931,5471)	1.0
(5471,11138)	1.0
(128,5471)	1.0
(3793,9268)	1.0
(9268,9456)	1.0
(9268,9301)	1.0
(4931,9268)	1.0
(9268,11138)	1.0
(128,9268)	1.0
(3793,9456)	1.0
(3793,9301)	1.0
(3793,4931)	1.0
(3793,11138)	1.0
(128,3793)	1.0
(9301,9456)	1.0
(4931,9456)	1.0
(9456,11138)	1.0
(128,9456)	1.0
(4931,9301)	1.0
(9301,11138)	1.0
(128,9301)	1.0
(4931,11138)	1.0
(128,4931)	1.0
(128,11138)	1.0
(6768,6924)	1.0
(6143,6812)	1.0
(6770,6776)	1.0
(6535,6541)	1.0
(6541,6560)	1.0
(6541,6566)	1.0
(6541,7135)	1.0
(6541,7156)	1.0
(6535,6560)	1.0
(6535,6566)	1.0
(6535,7135)	1.0
(6535,7156)	1.0
(6531,6611)	1.0
(5917,6531)	1.0
(6531,7119)	1.0
(5497,6531)	1.0
(6531,7441)	1.0
(6531,7476)	1.0
(4558,6531)	1.0
(6531,8160)	1.0
(6560,6566)	1.0
(6560,7135)	1.0
(6560,7156)	1.0
(6566,7135)	1.0
(6566,7156)	1.0
(5917,6611)	1.0
(6611,7119)	1.0
(5497,6611)	1.0
(6611,7441)	1.0
(6611,7476)	1.0
(4558,6611)	1.0
(6611,8160)	1.0
(5917,7119)	1.0
(5497,5917)	1.0
(5917,7441)	1.0
(5917,7476)	1.0
(4558,5917)	1.0
(5917,8160)	1.0
(5497,7119)	1.0
(7119,7441)	1.0
(7119,7476)	1.0
(4558,7119)	1.0
(7119,8160)	1.0
(7135,7156)	1.0
(5497,7441)	1.0
(5497,7476)	1.0
(4558,5497)	1.0
(5497,8160)	1.0
(7441,7476)	1.0
(4558,7441)	1.0
(7441,8160)	1.0
(4558,7476)	1.0
(7476,8160)	1.0
(4558,8160)	1.0
(2548,10973)	1.0
(4415,11025)	1.0
(2901,4415)	1.0
(3754,4415)	1.0
(2901,11025)	1.0
(3754,11025)	1.0
(2901,3754)	1.0
(2848,2849)	1.0
(4457,4462)	1.0
(6437,7369)	1.0
(7322,7330)	1.0
(7197,7330)	1.0
(7197,7322)	1.0
(9327,11423)	1.0
(9339,9359)	1.0
(9331,9359)	1.0
(9359,10888)	1.0
(9331,9339)	1.0
(9339,10888)	1.0
(9331,10888)	1.0
(10961,11251)	1.0
(9280,11251)	1.0
(11191,11251)	1.0
(11251,11349)	1.0
(11251,11262)	1.0
(9972,11251)	1.0
(10726,11251)	1.0
(9280,10961)	1.0
(10961,11191)	1.0
(10961,11349)	1.0
(10961,11262)	1.0
(9972,10961)	1.0
(10726,10961)	1.0
(10653,11272)	1.0
(9280,11191)	1.0
(9280,11349)	1.0
(9280,11262)	1.0
(9280,9972)	1.0
(9280,10726)	1.0
(11191,11349)	1.0
(11191,11262)	1.0
(9972,11191)	1.0
(10726,11191)	1.0
(11262,11349)	1.0
(9972,11349)	1.0
(10726,11349)	1.0
(9972,11262)	1.0
(10726,11262)	1.0
(9972,10726)	1.0
(8202,8230)	1.0
(8066,8230)	1.0
(8066,8202)	1.0
(9720,9946)	1.0
(2692,3333)	1.0
(2692,3633)	1.0
(2692,3687)	1.0
(2692,3043)	1.0
(3333,3633)	1.0
(3333,3687)	1.0
(3043,3333)	1.0
(3633,3687)	1.0
(3043,3633)	1.0
(3043,3687)	1.0
(3352,4671)	1.0
(4671,4696)	1.0
(2581,4671)	1.0
(4378,4671)	1.0
(3596,4671)	1.0
(3703,4671)	1.0
(3707,4671)	1.0
(3709,4671)	1.0
(2571,5300)	1.0
(3644,5300)	1.0
(3700,5300)	1.0
(4330,5300)	1.0
(4177,5300)	1.0
(2662,3651)	1.0
(2662,3734)	1.0
(3352,4696)	1.0
(2581,3352)	1.0
(3352,4378)	1.0
(3352,3596)	1.0
(3352,3703)	1.0
(3352,3707)	1.0
(3352,3709)	1.0
(3365,3580)	1.0
(2581,4696)	1.0
(4378,4696)	1.0
(3596,4696)	1.0
(3703,4696)	1.0
(3707,4696)	1.0
(3709,4696)	1.0
(2581,4378)	1.0
(2581,3596)	1.0
(2581,3703)	1.0
(2581,3707)	1.0
(2581,3709)	1.0
(2571,3644)	1.0
(2571,3700)	1.0
(2571,4330)	1.0
(2571,4177)	1.0
(3596,4378)	1.0
(3703,4378)	1.0
(3707,4378)	1.0
(3709,4378)	1.0
(3596,3703)	1.0
(3596,3707)	1.0
(3596,3709)	1.0
(3644,3700)	1.0
(3644,4330)	1.0
(3644,4177)	1.0
(3651,3734)	1.0
(3700,4330)	1.0
(3700,4177)	1.0
(3703,3707)	1.0
(3703,3709)	1.0
(3707,3709)	1.0
(4177,4330)	1.0
(3654,5858)	1.0
(5858,7073)	1.0
(3654,7073)	1.0
(6751,7152)	1.0
(6076,9454)	1.0
(6076,9866)	1.0
(4929,6076)	1.0
(4306,6076)	1.0
(126,6076)	1.0
(5422,6076)	1.0
(6076,9299)	1.0
(26,6076)	1.0
(2445,6076)	1.0
(2473,6076)	1.0
(3791,6076)	1.0
(6076,11136)	1.0
(3039,6076)	1.0
(6076,9266)	1.0
(5469,6076)	1.0
(9454,9866)	1.0
(4929,9454)	1.0
(4306,9454)	1.0
(126,9454)	1.0
(5422,9454)	1.0
(9299,9454)	1.0
(26,9454)	1.0
(2445,9454)	1.0
(2473,9454)	1.0
(3791,9454)	1.0
(9454,11136)	1.0
(3039,9454)	1.0
(9266,9454)	1.0
(5469,9454)	1.0
(4929,9866)	1.0
(4306,9866)	1.0
(126,9866)	1.0
(5422,9866)	1.0
(9299,9866)	1.0
(26,9866)	1.0
(2445,9866)	1.0
(2473,9866)	1.0
(3791,9866)	1.0
(9866,11136)	1.0
(3039,9866)	1.0
(9266,9866)	1.0
(5469,9866)	1.0
(4306,4929)	1.0
(126,4929)	1.0
(4929,5422)	1.0
(4929,9299)	1.0
(26,4929)	1.0
(2445,4929)	1.0
(2473,4929)	1.0
(3791,4929)	1.0
(4929,11136)	1.0
(3039,4929)	1.0
(4929,9266)	1.0
(4929,5469)	1.0
(126,4306)	1.0
(4306,5422)	1.0
(4306,9299)	1.0
(26,4306)	1.0
(2445,4306)	1.0
(2473,4306)	1.0
(3791,4306)	1.0
(4306,11136)	1.0
(3039,4306)	1.0
(4306,9266)	1.0
(4306,5469)	1.0
(126,5422)	1.0
(126,9299)	1.0
(26,126)	1.0
(126,2445)	1.0
(126,2473)	1.0
(126,3791)	1.0
(126,11136)	1.0
(126,3039)	1.0
(126,9266)	1.0
(126,5469)	1.0
(5422,9299)	1.0
(26,5422)	1.0
(2445,5422)	1.0
(2473,5422)	1.0
(3791,5422)	1.0
(5422,11136)	1.0
(3039,5422)	1.0
(5422,9266)	1.0
(5422,5469)	1.0
(26,9299)	1.0
(2445,9299)	1.0
(2473,9299)	1.0
(3791,9299)	1.0
(9299,11136)	1.0
(3039,9299)	1.0
(9266,9299)	1.0
(5469,9299)	1.0
(26,2445)	1.0
(26,2473)	1.0
(26,3791)	1.0
(26,11136)	1.0
(26,3039)	1.0
(26,9266)	1.0
(26,5469)	1.0
(2445,2473)	1.0
(2445,3791)	1.0
(2445,11136)	1.0
(2445,3039)	1.0
(2445,9266)	1.0
(2445,5469)	1.0
(2473,3791)	1.0
(2473,11136)	1.0
(2473,3039)	1.0
(2473,9266)	1.0
(2473,5469)	1.0
(3791,11136)	1.0
(3039,3791)	1.0
(3791,9266)	1.0
(3791,5469)	1.0
(3039,11136)	1.0
(9266,11136)	1.0
(5469,11136)	1.0
(3039,9266)	1.0
(3039,5469)	1.0
(5469,9266)	1.0
(7492,7500)	1.0
(4752,5345)	1.0
(6736,6965)	1.0
(6707,6725)	1.0
(6092,6725)	1.0
(6725,6886)	1.0
(6092,6707)	1.0
(6707,6886)	1.0
(6092,6886)	1.0
(36,119)	1.0
(8894,8898)	1.0
(3856,4911)	1.0
(671,1570)	1.0
(3360,4148)	1.0
(6433,7258)	1.0
(5881,7258)	1.0
(5881,6433)	1.0
(10947,11242)	1.0
(10947,11216)	1.0
(10947,11201)	1.0
(10622,10947)	1.0
(10947,11196)	1.0
(10544,11371)	1.0
(11216,11242)	1.0
(11201,11242)	1.0
(10622,11242)	1.0
(11196,11242)	1.0
(11201,11216)	1.0
(10622,11216)	1.0
(11196,11216)	1.0
(10622,11201)	1.0
(11196,11201)	1.0
(10622,11196)	1.0
(2479,3826)	1.0
(2479,4836)	1.0
(2479,3273)	1.0
(2479,2783)	1.0
(2479,5032)	1.0
(2479,3979)	1.0
(3826,4836)	1.0
(3273,3826)	1.0
(2783,3826)	1.0
(3826,5032)	1.0
(3826,3979)	1.0
(3273,4836)	1.0
(2783,4836)	1.0
(4836,5032)	1.0
(3979,4836)	1.0
(2783,3273)	1.0
(3273,5032)	1.0
(3273,3979)	1.0
(2783,5032)	1.0
(2783,3979)	1.0
(3979,5032)	1.0
(7183,8020)	1.0
(2476,5472)	1.0
(2476,9302)	1.0
(5472,9302)	1.0
(8989,8993)	1.0
(3068,3321)	1.0
(1,9270)	1.0
(1,2450)	1.0
(1,5427)	1.0
(1,131)	1.0
(2450,9270)	1.0
(5427,9270)	1.0
(131,9270)	1.0
(2450,5427)	1.0
(131,2450)	1.0
(131,5427)	1.0
(1528,6763)	1.0
(2845,2846)	1.0
(9286,11080)	1.0
(6065,10166)	1.0
(5460,7309)	0.8
(8132,8137)	1.0
(4742,8132)	1.0
(4623,4629)	1.0
(4742,8137)	1.0
(8029,8032)	1.0
(2882,5860)	1.0
(3835,10404)	1.0
(3835,11334)	1.0
(3835,10149)	1.0
(3835,6948)	1.0
(3835,10178)	1.0
(10404,11334)	1.0
(10149,10404)	1.0
(6948,10404)	1.0
(10178,10404)	1.0
(10149,11334)	1.0
(6948,11334)	1.0
(10178,11334)	1.0
(6948,10149)	1.0
(10149,10178)	1.0
(6948,10178)	1.0
(5457,5603)	1.0
(5558,5603)	1.0
(5457,5558)	1.0
(670,1569)	1.0
(5303,8995)	1.0
(2837,5303)	1.0
(2837,8995)	1.0
(8728,11143)	1.0
(11143,11291)	1.0
(8728,11291)	1.0
(7683,7774)	1.0
(5444,7756)	1.0
(5711,11168)	1.0
(5977,10984)	1.0
(10146,10984)	1.0
(7229,10984)	1.0
(6501,10984)	1.0
(8120,10984)	1.0
(5977,10146)	1.0
(5977,7229)	1.0
(5977,6501)	1.0
(5977,8120)	1.0
(7229,10146)	1.0
(6501,10146)	1.0
(8120,10146)	1.0
(6501,7229)	1.0
(7229,8120)	1.0
(6501,8120)	1.0
(5448,6115)	1.0
(5434,6481)	1.0
(6655,7257)	1.0
(6655,10203)	1.0
(6655,8149)	1.0
(7257,10203)	1.0
(7257,8149)	1.0
(8149,10203)	1.0
(6814,7373)	1.0
(7373,10220)	1.0
(7373,8199)	1.0
(6814,10220)	1.0
(6814,8199)	1.0
(8199,10220)	1.0
(7481,8227)	1.0
(8286,8321)	1.0
(3147,3149)	1.0
(10156,10186)	1.0
(4808,7361)	1.0
(4111,7157)	1.0
(4111,4278)	1.0
(4278,7157)	1.0
(10738,10750)	1.0
(8953,9218)	1.0
(5216,5308)	1.0
(5016,9375)	1.0
(5016,5693)	1.0
(5016,9723)	1.0
(5693,9375)	1.0
(9375,9723)	1.0
(5693,9723)	1.0
(9588,9698)	1.0
(7499,8324)	1.0
(7554,8338)	1.0
(7642,8346)	1.0
(7689,8405)	1.0
